1916730856208507096
1916730778676814197
1916730213259526562
1916730137950777710
1916730076856569920
1916731338117226630
1916731248422043801
1916731138929811830
1916731056310346013
1916731045489033224
1916964387178348738
1916964283184804278
1916964181871415662
1916964037201441243
1916963947892138295
1916965381970764122
1916965283756941439
1916965188407886138
1916965088348565845
1916964988037575095
1916966370849226979
1916966272417271900
1916966192746504603
1916966098336878870
1916965990761464199
1916967344020087112
1916967249631457644
1916967151283376335
1916967042550218997
1916966956839633225
1916968364888424535
1916968271049372075
1916968159770296348
1916968069252915562
1916967939653132689
1916969343012716558
1916969251446968767
1916969159495233600
1916969055103205600
1916968977273704465
